 493           30            10          
 -493           100          50           100          500 
 87            65            83            68            38            37            40            39            49            51            50            71            72            74            85            97            98            99            100           101           102           105      84    103 
 100           10            3             20            246 
 493           2             5             5             50            10            0             740           0             50             1             4             1000          60             10           1009          2             0             0             0            
 246           3             3             100           25            10            100           493           0             50             0             2             1000          60             10           1009          2             0             0             0   
 199           5             30            2             20            1             70            246           0             50             0             2            1000          60             10           1009          2             0             0             0    
 1479          5             2             5             30            1             200           493           0             50             0             1           1000          60             10           1009          2             0             0             0   
 9860          5             1             5             150           1             200           394           0             50             0             10          1000          60             10           1009          2             0             0             0   
 493           2             10             10             50            10            700           592           0             50             0             2           1000          60             10           1009          2             0             0             0   
 493           2             2             5             50            100           1000          246           0             20             0             1            1000          60             10           1009          2             0             0             0    
 493           2             10            50            20            50            50            640           2465          20             0             2          1000          60             10           1009          2             0             0             0    
 2465          2             1             3             100           100           400           594           646           20             0             2          1000          60             10           1009          2             0             0             0        
 493           2             15            5             50            100           300           246           0             20             0             5          1000          60             10           1009          2             0             0             0   
